0000100010000
0100101001100
0100100100100
1100100000000
1110000000001
1111000000010
1010000000000
1110000000011
1010000000001
1010000000011
1111000000000
1011000000011
1111011000000
1010011000000
1110100000000
1010100000000
1011000000000
1010000000001
1011000000010
0010100110000
0011101011000
0101001011000
0011001110000
0111111111000
0010110111100
0101111101100
0000100011000
0001100010000
0100101101100
0100100100100
0010100110000
0011101011000
0101001011000
0011001110000
0111111111000
0010110111100
0101111101100
0000000000000
1000101000000
1100100000010
1101000000001
1001001000000
1001101000000
1010001000000